0.23283634
0.18216651
0.18091505
0.18045277
0.17970966
0.17397651
0.15350321
0.11261544
0.10005837
0.09569232
0.08984228
0.08754087
0.08283915
0.08183121
0.08025043
0.07843191
0.07664411
0.07480732
0.07252661
0.07175058
0.07296317
0.07076651
0.07260576
0.06915621
0.06806244
0.07341575
0.08689546
0.06800640
0.06805458
0.06738037
0.06465862
0.06552677
0.06471395
0.06414405
0.06651006
0.06391625
0.06315559
0.06317262
0.06468584
0.06342542
0.06168140
0.06210033
0.06197921
0.06176652
0.06304046
0.06121802
0.06189876
0.06156378
0.06083790
0.06097797
0.06089094
0.06125289
0.06022337
0.06114622
0.06275878
0.05967188
0.05966121
0.05938805
0.06095835
0.06264483
0.05945967
0.05946790
0.05888696
0.05896741
0.05952890
0.05872759
0.05897704
0.05924522
0.05969890
0.05807119
0.05887470
0.05846008
0.05802382
0.05828281
0.05752051
0.05878703
0.05857650
0.05860928
0.05807453
0.05731341
0.05694894
0.05743200
0.05762690
0.05783798
0.05735755
0.05787351
0.05695888
0.05735528
0.05713454
0.05644339
0.05779708
0.05694399
0.05693294
0.05638400
0.05620894
0.05793444
0.05596866
0.05626841
0.05583333
0.05639490
0.05601070
0.05588579
0.05646484
0.05622246
0.05547817
0.05585028
0.05587585
0.05576389
0.05664229
0.05541188
0.05585631
0.05608542
0.05529023
0.05544098
0.05506762
0.05493150
0.05509429
0.05498181
0.05499313
0.05491598
0.05479937
0.05482718
0.05487465
0.05587906
0.05520748
0.05527627
0.05592130
0.05467196
0.05500713
0.05440126
0.05585023
0.05449125
0.05441929
0.05472648
0.05485559
0.05419915
0.05434351
0.05441509
0.05454748
0.05489884
0.05439076
0.05422023
0.05421402
0.05554415
0.05412009
0.05441178
0.05567680
0.05426157
0.05411616
0.05434169
0.05383563
0.05391299
0.05490963
0.05403204
0.05424271
0.05379996
0.05388634
0.05385153
0.05388800
0.05368633
0.05370600
0.05393964
0.05411752
0.05381378
0.05354176
0.05357652
0.05421347
0.05349879
0.05372463
0.05383345
0.05366077
0.05368328
0.05368724
0.05357405
0.05355432
0.05363196
0.05334543
0.05349841
0.05332655
0.05429011
0.05353113
0.05344797
0.05364524
0.05329316
0.05341337
0.05363573
0.05364402
0.05328843
0.05353833
0.05321343
0.05345184
0.05333060
0.05326845
0.05318695
0.05322315
0.05331715
0.05310607
0.05315677
0.05323260
0.05317795
