0.00044752 0.00002767
0.00001704 0.00001714
0.00001603 0.00001691
0.00001578 0.00001682
0.00001618 0.00001668
0.00001583 0.00001558
0.00001354 0.00001201
0.00000941 0.00000649
0.00000581 0.00000507
0.00000520 0.00000464
0.00000463 0.00000408
0.00000429 0.00000390
0.00000379 0.00000347
0.00000359 0.00000340
0.00000337 0.00000326
0.00000331 0.00000311
0.00000307 0.00000298
0.00000302 0.00000284
0.00000288 0.00000266
0.00000287 0.00000260
0.00000277 0.00000270
0.00000287 0.00000254
0.00000267 0.00000268
0.00000259 0.00000241
0.00000249 0.00000234
0.00000247 0.00000275
0.00000250 0.00000393
0.00000292 0.00000233
0.00000236 0.00000234
0.00000233 0.00000229
0.00000227 0.00000211
0.00000228 0.00000216
0.00000220 0.00000211
0.00000219 0.00000208
0.00000215 0.00000223
0.00000221 0.00000206
0.00000209 0.00000201
0.00000212 0.00000201
0.00000213 0.00000211
0.00000210 0.00000203
0.00000202 0.00000192
0.00000209 0.00000195
0.00000206 0.00000194
0.00000199 0.00000193
0.00000200 0.00000201
0.00000198 0.00000189
0.00000194 0.00000193
0.00000197 0.00000191
0.00000197 0.00000187
0.00000194 0.00000187
0.00000195 0.00000187
0.00000197 0.00000189
0.00000192 0.00000183
0.00000196 0.00000189
0.00000194 0.00000199
0.00000193 0.00000179
0.00000191 0.00000180
0.00000186 0.00000178
0.00000181 0.00000187
0.00000189 0.00000198
0.00000186 0.00000178
0.00000184 0.00000178
0.00000192 0.00000175
0.00000188 0.00000175
0.00000181 0.00000179
0.00000177 0.00000174
0.00000178 0.00000175
0.00000181 0.00000177
0.00000177 0.00000180
0.00000176 0.00000170
0.00000178 0.00000175
0.00000178 0.00000172
0.00000181 0.00000169
0.00000175 0.00000171
0.00000174 0.00000167
0.00000170 0.00000174
0.00000173 0.00000173
0.00000175 0.00000173
0.00000169 0.00000170
0.00000169 0.00000165
0.00000170 0.00000163
0.00000169 0.00000166
0.00000168 0.00000167
0.00000175 0.00000169
0.00000167 0.00000166
0.00000172 0.00000169
0.00000165 0.00000163
0.00000167 0.00000166
0.00000169 0.00000164
0.00000171 0.00000160
0.00000165 0.00000168
0.00000165 0.00000163
0.00000166 0.00000163
0.00000162 0.00000160
0.00000162 0.00000159
0.00000161 0.00000169
0.00000161 0.00000158
0.00000165 0.00000159
0.00000160 0.00000157
0.00000160 0.00000160
0.00000162 0.00000158
0.00000160 0.00000157
0.00000158 0.00000160
0.00000158 0.00000159
0.00000156 0.00000155
0.00000155 0.00000157
0.00000158 0.00000157
0.00000156 0.00000156
0.00000159 0.00000162
0.00000161 0.00000154
0.00000156 0.00000157
0.00000159 0.00000158
0.00000156 0.00000154
0.00000155 0.00000155
0.00000154 0.00000153
0.00000155 0.00000152
0.00000155 0.00000153
0.00000155 0.00000152
0.00000152 0.00000152
0.00000151 0.00000152
0.00000155 0.00000151
0.00000151 0.00000151
0.00000152 0.00000152
0.00000159 0.00000157
0.00000153 0.00000154
0.00000154 0.00000154
0.00000155 0.00000157
0.00000152 0.00000150
0.00000155 0.00000152
0.00000150 0.00000149
0.00000153 0.00000157
0.00000150 0.00000149
0.00000150 0.00000149
0.00000150 0.00000151
0.00000148 0.00000151
0.00000150 0.00000148
0.00000147 0.00000149
0.00000149 0.00000149
0.00000150 0.00000150
0.00000154 0.00000152
0.00000149 0.00000149
0.00000152 0.00000148
0.00000147 0.00000148
0.00000155 0.00000156
0.00000154 0.00000147
0.00000149 0.00000149
0.00000147 0.00000156
0.00000147 0.00000148
0.00000149 0.00000147
0.00000146 0.00000149
0.00000145 0.00000146
0.00000147 0.00000146
0.00000145 0.00000152
0.00000144 0.00000147
0.00000148 0.00000148
0.00000144 0.00000146
0.00000145 0.00000146
0.00000146 0.00000146
0.00000145 0.00000146
0.00000143 0.00000145
0.00000144 0.00000145
0.00000144 0.00000146
0.00000145 0.00000147
0.00000146 0.00000146
0.00000144 0.00000144
0.00000145 0.00000144
0.00000147 0.00000148
0.00000144 0.00000144
0.00000143 0.00000145
0.00000144 0.00000146
0.00000147 0.00000145
0.00000141 0.00000145
0.00000144 0.00000145
0.00000143 0.00000144
0.00000144 0.00000144
0.00000142 0.00000145
0.00000141 0.00000143
0.00000144 0.00000144
0.00000143 0.00000143
0.00000143 0.00000148
0.00000142 0.00000144
0.00000143 0.00000144
0.00000143 0.00000145
0.00000142 0.00000143
0.00000141 0.00000144
0.00000143 0.00000145
0.00000144 0.00000145
0.00000142 0.00000143
0.00000145 0.00000144
0.00000146 0.00000142
0.00000143 0.00000144
0.00000142 0.00000143
0.00000140 0.00000143
0.00000141 0.00000142
0.00000142 0.00000143
0.00000143 0.00000143
0.00000140 0.00000142
0.00000140 0.00000142
0.00000142 0.00000143
0.00000140 0.00000142
